$p_T m\mathrm{GeV}/c$
5
Invariant Yield
Invariant Yield
Invariant Yield
Invariant Yield
Invariant Yield
All Centralities
Centrality A (Central)
Centrality B
Centrality C
Centrality D (Peripheral)
yes
none
none
2
stat.
symmetric
sys.
symmetric
0.60 0.70 0.9053 7e-4 0.08
0.70 0.80 0.5694 5e-4 0.05
0.80 0.90 0.3729 4e-4 0.035
0.90 1.00 0.24605 2.7e-4 0.023
1.00 1.10 0.16807 2.1e-4 0.016
1.10 1.20 0.11702 1.7e-4 0.011
1.20 1.30 0.08176 1.3e-4 0.008
1.30 1.40 0.05814 1.1e-4 0.005
1.40 1.50 0.04139 9e-5 0.004
1.50 1.60 0.03029 7e-5 0.0028
1.60 1.70 0.02219 6e-5 0.0021
1.70 1.80 0.01652 5e-5 0.0015
1.80 1.90 0.01223 4e-5 0.0011
1.90 2.00 0.009218 3.5e-5 9e-4
2.00 2.10 0.006818 2.9e-5 6e-4
2.10 2.20 0.005178 2.4e-5 5e-4
2.20 2.30 0.003923 2.1e-5 4e-4
2.30 2.40 0.003016 1.8e-5 2.8e-4
2.40 2.50 0.002366 1.6e-5 2.2e-4
2.50 2.60 0.001799 1.3e-5 1.7e-4
2.60 2.70 0.001412 1.1e-5 1.3e-4
2.70 2.80 0.001096 1.0e-5 1.0e-4
2.80 2.90 8.51e-4 8e-6 8e-5
2.90 3.00 6.77e-4 7e-6 6e-5
3.00 3.10 5.35e-4 6e-6 5e-5
3.10 3.20 4.05e-4 5e-6 4e-5
3.20 3.30 3.34e-4 5e-6 3.1e-5
3.30 3.40 2.67e-4 4e-6 2.5e-5
3.40 3.50 2.06e-4 4e-6 1.9e-5
3.50 3.60 1.755e-4 3.4e-6 1.6e-5
3.60 3.70 1.409e-4 3.0e-6 1.3e-5
3.70 3.80 1.136e-4 2.6e-6 1.1e-5
3.80 3.90 9.78e-5 2.4e-6 9e-6
3.90 4.00 7.83e-5 2.1e-6 7e-6
4.00 4.10 6.23e-5 1.9e-6 6e-6
4.10 4.20 5.20e-5 1.7e-6 5e-6
4.20 4.30 4.27e-5 1.5e-6 4e-6
4.30 4.40 3.40e-5 1.3e-6 3.2e-6
4.40 4.50 2.82e-5 1.2e-6 2.6e-6
4.50 4.60 2.51e-5 1.1e-6 2.3e-6
4.60 4.70 2.12e-5 1.0e-6 2.0e-6
4.70 4.80 1.63e-5 8e-7 1.5e-6
4.80 4.90 1.46e-5 8e-7 1.4e-6
4.90 5.00 1.18e-5 7e-7 1.1e-6
5.00 5.50 8.76e-6 2.5e-7 8e-7
5.50 6.00 3.28e-6 1.4e-7 3.1e-7
6.00 6.50 1.89e-6 1.0e-7 1.8e-7
6.50 7.00 1.25e-6 7e-8 1.5e-7
7.00 7.50 5.6e-7 4e-8 2.2e-7
7.50 8.50 2.70e-7 1.8e-8 3.3e-8
8.50 9.50 8.6e-8 7e-9 1.7e-8
***
0.6 0.7 1.5000 0.0018 0.15
0.7 0.8 0.9550 0.0013 0.09
0.8 0.9 0.6330 0.0010 0.06
0.9 1 0.4220 7e-4 0.04
1 1.1 0.2920 6e-4 0.028
1.1 1.2 0.2050 5e-4 0.020
1.2 1.3 0.1450 4e-4 0.014
1.3 1.4 0.10300 2.9e-4 0.010
1.4 1.5 0.07410 2.4e-4 0.007
1.5 1.6 0.05460 2.0e-4 0.005
1.6 1.7 0.04040 1.6e-4 0.004
1.7 1.8 0.02990 1.4e-4 0.0029
1.8 1.9 0.02250 1.2e-4 0.0022
1.9 2 0.01710 1.0e-4 0.0017
2 2.1 0.01260 8e-5 0.0012
2.1 2.2 0.00959 7e-5 9e-4
2.2 2.3 0.00725 6e-5 7e-4
2.3 2.4 0.00564 5e-5 5e-4
2.4 2.5 0.00438 4e-5 4e-4
2.5 2.6 0.00332 4e-5 3.2e-4
2.6 2.7 0.002630 3.2e-5 2.6e-4
2.7 2.8 0.002010 2.8e-5 2.0e-4
2.8 2.9 0.001590 2.4e-5 1.6e-4
2.9 3 0.001230 2.1e-5 1.2e-4
3 3.1 9.97e-4 1.8e-5 1.0e-4
3.1 3.2 7.47e-4 1.5e-5 7e-5
3.2 3.3 6.28e-4 1.4e-5 6e-5
3.3 3.4 4.99e-4 1.2e-5 5e-5
3.4 3.5 4.01e-4 1.1e-5 4e-5
3.5 3.6 3.17e-4 9e-6 3.1e-5
3.6 3.7 2.76e-4 9e-6 2.7e-5
3.7 3.8 1.98e-4 7e-6 1.9e-5
3.8 3.9 1.72e-4 7e-6 1.7e-5
3.9 4 1.48e-4 6e-6 1.5e-5
4 4.1 1.16e-4 5e-6 1.1e-5
4.1 4.2 8.8e-5 4e-6 9e-6
4.2 4.3 7.8e-5 4e-6 8e-6
4.3 4.4 6.1e-5 4e-6 6e-6
4.4 4.5 5.11e-5 3.3e-6 5e-6
4.5 4.6 4.53e-5 3.0e-6 4e-6
4.6 4.7 3.70e-5 2.7e-6 4e-6
4.7 4.8 3.09e-5 2.4e-6 3.0e-6
4.8 4.9 2.85e-5 2.4e-6 2.8e-6
4.9 5 1.92e-5 1.8e-6 1.9e-6
5 5.5 1.57e-5 7e-7 1.6e-6
5.5 6 5.6e-6 4e-7 6e-7
6 6.5 3.06e-6 2.5e-7 3.2e-7
6.5 7 2.22e-6 2.0e-7 2.3e-7
7 7.5 9.3e-7 1.1e-7 1.2e-7
7.5 8.5 5.2e-7 5e-8 7e-8
8.5 9.5 2.65e-7 3.3e-8 5e-8
***
0.6 0.7 1.1100 0.0016 0.10
0.7 0.8 0.6980 0.0011 0.06
0.8 0.9 0.4600 8e-4 0.04
0.9 1 0.3040 6e-4 0.028
1 1.1 0.2090 5e-4 0.019
1.1 1.2 0.1460 4e-4 0.014
1.2 1.3 0.10200 3.1e-4 0.009
1.3 1.4 0.07270 2.5e-4 0.007
1.4 1.5 0.05200 2.0e-4 0.005
1.5 1.6 0.03820 1.7e-4 0.0035
1.6 1.7 0.02780 1.4e-4 0.0026
1.7 1.8 0.02090 1.2e-4 0.0019
1.8 1.9 0.01540 1.0e-4 0.0014
1.9 2 0.01150 8e-5 0.0011
2 2.1 0.00868 7e-5 8e-4
2.1 2.2 0.00647 6e-5 6e-4
2.2 2.3 0.00500 5e-5 5e-4
2.3 2.4 0.00381 4e-5 3.5e-4
2.4 2.5 0.00297 4e-5 2.8e-4
2.5 2.6 0.002270 3.1e-5 2.1e-4
2.6 2.7 0.001800 2.7e-5 1.7e-4
2.7 2.8 0.001420 2.4e-5 1.3e-4
2.8 2.9 0.001080 2.0e-5 1.0e-4
2.9 3 8.67e-4 1.8e-5 8e-5
3 3.1 7.02e-4 1.6e-5 7e-5
3.1 3.2 5.35e-4 1.3e-5 5e-5
3.2 3.3 4.13e-4 1.2e-5 4e-5
3.3 3.4 3.27e-4 1.0e-5 3.0e-5
3.4 3.5 2.57e-4 9e-6 2.4e-5
3.5 3.6 2.31e-4 8e-6 2.1e-5
3.6 3.7 1.68e-4 7e-6 1.6e-5
3.7 3.8 1.52e-4 6e-6 1.4e-5
3.8 3.9 1.30e-4 6e-6 1.2e-5
3.9 4 1.01e-4 5e-6 9e-6
4 4.1 8.5e-5 5e-6 8e-6
4.1 4.2 7.2e-5 4e-6 7e-6
4.2 4.3 5.8e-5 4e-6 5e-6
4.3 4.4 4.15e-5 3.1e-6 4e-6
4.4 4.5 3.91e-5 3.0e-6 4e-6
4.5 4.6 3.49e-5 2.7e-6 3.2e-6
4.6 4.7 2.60e-5 2.3e-6 2.4e-6
4.7 4.8 2.09e-5 2.1e-6 2.0e-6
4.8 4.9 1.99e-5 2.0e-6 1.9e-6
4.9 5 1.50e-5 1.6e-6 1.4e-6
5 5.5 1.07e-5 6e-7 1.0e-6
5.5 6 3.47e-6 2.9e-7 3.5e-7
6 6.5 2.73e-6 2.5e-7 2.7e-7
6.5 7 1.76e-6 2.0e-7 1.7e-7
7 7.5 7.3e-7 1.0e-7 9e-8
7.5 8.5 3.4e-7 5e-8 5e-8
8.5	9.5	NaN	NaN	NaN
***
0.6 0.7 0.7950 0.0014 0.07
0.7 0.8 0.4990 0.0010 0.05
0.8 0.9 0.3240 7e-4 0.030
0.9 1 0.2130 5e-4 0.020
1 1.1 0.1440 4e-4 0.013
1.1 1.2 0.09960 3.3e-4 0.009
1.2 1.3 0.06900 2.6e-4 0.006
1.3 1.4 0.04890 2.1e-4 0.005
1.4 1.5 0.03460 1.7e-4 0.0032
1.5 1.6 0.02510 1.4e-4 0.0023
1.6 1.7 0.01830 1.2e-4 0.0017
1.7 1.8 0.01360 1.0e-4 0.0013
1.8 1.9 0.00993 8e-5 9e-4
1.9 2 0.00754 7e-5 7e-4
2 2.1 0.00557 6e-5 5e-4
2.1 2.2 0.00426 5e-5 4e-4
2.2 2.3 0.00318 4e-5 3.0e-4
2.3 2.4 0.002430 3.4e-5 2.3e-4
2.4 2.5 0.001930 3.0e-5 1.8e-4
2.5 2.6 0.001500 2.6e-5 1.4e-4
2.6 2.7 0.001120 2.2e-5 1.0e-4
2.7 2.8 8.89e-4 1.9e-5 8e-5
2.8 2.9 6.93e-4 1.6e-5 6e-5
2.9 3 5.69e-4 1.5e-5 5e-5
3 3.1 4.19e-4 1.2e-5 4e-5
3.1 3.2 3.23e-4 1.1e-5 3.0e-5
3.2 3.3 2.66e-4 9e-6 2.5e-5
3.3 3.4 2.11e-4 8e-6 2.0e-5
3.4 3.5 1.55e-4 7e-6 1.4e-5
3.5 3.6 1.42e-4 7e-6 1.3e-5
3.6 3.7 1.12e-4 6e-6 1.0e-5
3.7 3.8 9.6e-5 5e-6 9e-6
3.8 3.9 8.1e-5 5e-6 7e-6
3.9 4 6.0e-5 4e-6 6e-6
4 4.1 4.69e-5 3.5e-6 4e-6
4.1 4.2 4.00e-5 3.1e-6 4e-6
4.2 4.3 3.61e-5 3.0e-6 3.4e-6
4.3 4.4 2.97e-5 2.7e-6 2.8e-6
4.4 4.5 2.40e-5 2.3e-6 2.3e-6
4.5 4.6 1.92e-5 2.0e-6 1.8e-6
4.6 4.7 1.84e-5 2.0e-6 1.7e-6
4.7 4.8 1.21e-5 1.4e-6 1.2e-6
4.8 4.9 8.2e-6 1.3e-6 8e-7
4.9 5 1.12e-5 1.5e-6 1.1e-6
5 5.5 6.9e-6 5e-7 7e-7
5.5 6 3.23e-6 3.0e-7 3.2e-7
6 6.5 1.43e-6 1.8e-7 1.5e-7
6.5 7 8.9e-7 1.4e-7 1.0e-7
7 7.5 5.4e-7 1.1e-7 7e-8
7.5 8.5 2.2e-7 4e-8 4e-8
8.5 9.5 6.2e-8 2.5e-8 2.4e-8
***
0.6 0.7 0.4210 8e-4 0.04
0.7 0.8 0.2560 6e-4 0.025
0.8 0.9 0.1630 4e-4 0.016
0.9 1 0.10400 3.2e-4 0.010
1 1.1 0.06910 2.4e-4 0.007
1.1 1.2 0.04670 1.9e-4 0.005
1.2 1.3 0.03190 1.5e-4 0.0031
1.3 1.4 0.02230 1.2e-4 0.0022
1.4 1.5 0.01550 9e-5 0.0015
1.5 1.6 0.01110 8e-5 0.0011
1.6 1.7 0.00798 6e-5 8e-4
1.7 1.8 0.00596 5e-5 6e-4
1.8 1.9 0.00433 4e-5 4e-4
1.9 2 0.00321 4e-5 3.1e-4
2 2.1 0.002310 3.0e-5 2.2e-4
2.1 2.2 0.001770 2.6e-5 1.7e-4
2.2 2.3 0.001320 2.1e-5 1.3e-4
2.3 2.4 9.99e-4 1.8e-5 1.0e-4
2.4 2.5 8.09e-4 1.6e-5 8e-5
2.5 2.6 5.96e-4 1.3e-5 6e-5
2.6 2.7 4.83e-4 1.2e-5 5e-5
2.7 2.8 3.60e-4 1.0e-5 3.5e-5
2.8 2.9 2.80e-4 9e-6 2.7e-5
2.9 3 2.24e-4 8e-6 2.2e-5
3 3.1 1.71e-4 6e-6 1.7e-5
3.1 3.2 1.28e-4 5e-6 1.2e-5
3.2 3.3 1.15e-4 5e-6 1.1e-5
3.3 3.4 9.6e-5 5e-6 9e-6
3.4 3.5 6.7e-5 4e-6 6e-6
3.5 3.6 6.00e-5 3.5e-6 6e-6
3.6 3.7 4.52e-5 3.0e-6 4e-6
3.7 3.8 4.01e-5 2.8e-6 4e-6
3.8 3.9 3.49e-5 2.6e-6 3.4e-6
3.9 4 2.48e-5 2.1e-6 2.4e-6
4 4.1 1.90e-5 1.8e-6 1.9e-6
4.1 4.2 2.14e-5 2.0e-6 2.1e-6
4.2 4.3 1.14e-5 1.3e-6 1.1e-6
4.3 4.4 1.24e-5 1.4e-6 1.2e-6
4.4 4.5 7.1e-6 1.0e-6 7e-7
4.5 4.6 7.8e-6 1.1e-6 8e-7
4.6 4.7 8.7e-6 1.2e-6 8e-7
4.7 4.8 5.4e-6 9e-7 5e-7
4.8 4.9 5.5e-6 9e-7 5e-7
4.9 5 4.6e-6 8e-7 5e-7
5 5.5 3.67e-6 3.0e-7 4e-7
5.5 6 1.50e-6 1.7e-7 1.5e-7
6 6.5 7.9e-7 1.2e-7 8e-8
6.5 7 4.9e-7 9e-8 6e-8
7 7.5 1.92e-7 6e-8 2.7e-8
7.5 8.5 9.7e-8 2.5e-8 1.5e-8
8.5 9.5 4.8e-8 2.0e-8 1.0e-8
***