$\Delta\phi$ (rad)
2
$C(\Delta\phi)$ (rad)
$C(\Delta\phi)$ (rad)
20-40%
70-90%
yes
none
none
1
stat.
symmetric
0.000000 0.174533 1.0879 0.0017
0.174533 0.349066 1.0679 0.0019
0.349066 0.523599 1.0321 0.0018
0.523599 0.698132 0.9948 0.0019
0.698132 0.872665 0.9608 0.0021
0.872665 1.047198 0.9381 0.0024
1.047198 1.221730 0.9149 0.0027
1.221730 1.396263 0.9150 0.0031
1.396263 1.570796 0.9125 0.0032
1.570796 1.745329 0.9240 0.0029
1.745329 1.919862 0.9322 0.0026
1.919862 2.094395 0.9443 0.0024
2.094395 2.268928 0.9667 0.0023
2.268928 2.443461 0.9804 0.0022
2.443461 2.617994 0.9983 0.0021
2.617994 2.792527 1.0101 0.0021
2.792527 2.967060 1.0199 0.0020
2.967060 3.141593 1.0256 0.0021
***
0.000000 0.174533 1.366 0.031
0.174533 0.349066 1.228 0.032
0.349066 0.523599 1.035 0.029
0.523599 0.698132 0.933 0.030
0.698132 0.872665 0.844 0.032
0.872665 1.047198 0.833 0.035
1.047198 1.221730 0.76 0.04
1.221730 1.396263 0.68 0.04
1.396263 1.570796 0.77 0.05
1.570796 1.745329 0.83 0.04
1.745329 1.919862 0.81 0.04
1.919862 2.094395 0.84 0.04
2.094395 2.268928 0.93 0.04
2.268928 2.443461 0.881 0.033
2.443461 2.617994 0.981 0.034
2.617994 2.792527 0.980 0.033
2.792527 2.967060 1.061 0.033
2.967060 3.141593 1.096 0.035
***