$\eta$
1
$v_2$
$p_T = 0.6 - 0.8 \mathrm{GeV}/c$
yes
none
none
1
errv2
symmetric
-0.35   -0.30       0.0817  6e-4
-0.30   -0.25       0.0825  5e-4
-0.25   -0.20       0.0831  4e-4
-0.20   -0.15       0.0819  4e-4
-0.15   -0.10       0.0834  4e-4
-0.10   -0.05       0.0832  4e-4
-0.05   0.00        0.0830  5e-4
0.00    0.05        0.0825  5e-4
0.05    0.10        0.0828  4e-4
0.10    0.15        0.0835  4e-4
0.15    0.20        0.0818  4e-4
0.20    0.25        0.0826  4e-4
0.25    0.30        0.0832  5e-4
0.30    0.35        0.0818  6e-4
***