$\eta$
1
$v_2$
$p_T = 2.0 - 3.0 \mathrm{GeV}/c$
yes
none
none
1
errv2
symmetric
-0.35   -0.30       0.1965  0.0026
-0.30   -0.25       0.1972  0.0021
-0.25   -0.20       0.1944  0.0019
-0.20   -0.15       0.1929  0.0018
-0.15   -0.10       0.1987  0.0018
-0.10   -0.05       0.1992  0.0019
-0.05   0.00        0.1968  0.0021
0.00    0.05        0.1973  0.0021
0.05    0.10        0.1933  0.0020
0.10    0.15        0.1997  0.0019
0.15    0.20        0.1939  0.0019
0.20    0.25        0.1953  0.0020
0.25    0.30        0.1958  0.0022
0.30    0.35        0.1951  0.0028
***