$\eta$
1
$v_2$
$p_T = 1.2 - 1.4 \mathrm{GeV}/c$
yes
none
none
1
errv2
symmetric
-0.35   -0.30         0.1354  0.0012
-0.30   -0.25         0.1389  0.0010
-0.25   -0.20         0.1386  9e-4
-0.20   -0.15         0.1359  8e-4
-0.15   -0.10         0.1402  8e-4
-0.10   -0.05         0.1369  9e-4
-0.05   0.00          0.1366  9e-4
0.00    0.05          0.1380  0.0010
0.05    0.10          0.1362  9e-4
0.10    0.15          0.1380  9e-4
0.15    0.20          0.1356  8e-4
0.20    0.25          0.1378  9e-4
0.25    0.30          0.1381  0.0010
0.30    0.35          0.1361  0.0012
***