$\Delta\phi$ (rad)
4
$Y = \frac{1}{N_{trig}} \frac{d^2N}{d\Delta\phi dp_{T}}$
$Y = \frac{1}{N_{trig}} \frac{d^2N}{d\Delta\phi dp_{T}}$
$Y = \frac{1}{N_{trig}} \frac{d^2N}{d\Delta\phi dp_{T}}$
$Y = \frac{1}{N_{trig}} \frac{d^2N}{d\Delta\phi dp_{T}}$
Qualifiers 1
Qualifiers 2
Qualifiers 3
Qualifiers 4
yes
none
none
1
$\Delta Y$
symmetric
0.000000 0.174533 0.581 0.012
0.174533 0.349066 0.502 0.014
0.349066 0.523599 0.326 0.014
0.523599 0.698132 0.176 0.014
0.698132 0.872665 0.051 0.016
0.872665 1.047198 -0.002 0.018
1.047198 1.221730 0.023 0.020
1.221730 1.396263 0.061 0.023
1.396263 1.570796 0.145 0.024
1.570796 1.745329 0.244 0.022
1.745329 1.919862 0.249 0.020
1.919862 2.094395 0.309 0.019
2.094395 2.268928 0.259 0.017
2.268928 2.443461 0.250 0.017
2.443461 2.617994 0.164 0.016
2.617994 2.792527 0.158 0.016
2.792527 2.967060 0.122 0.015
2.967060 3.141593 0.115 0.015
***
0.000000 0.174533 0.453 0.010
0.174533 0.349066 0.328 0.011
0.349066 0.523599 0.226 0.011
0.523599 0.698132 0.118 0.012
0.698132 0.872665 0.033 0.013
0.872665 1.047198 -0.026 0.015
1.047198 1.221730 0.018 0.016
1.221730 1.396263 0.032 0.018
1.396263 1.570796 0.130 0.019
1.570796 1.745329 0.142 0.018
1.745329 1.919862 0.174 0.016
1.919862 2.094395 0.213 0.015
2.094395 2.268928 0.184 0.014
2.268928 2.443461 0.168 0.014
2.443461 2.617994 0.164 0.013
2.617994 2.792527 0.113 0.013
2.792527 2.967060 0.106 0.013
2.967060 3.141593 0.052 0.013
***
0.000000 0.174533 0.197 0.005
0.174533 0.349066 0.164 0.005
0.349066 0.523599 0.107 0.005
0.523599 0.698132 0.050 0.005
0.698132 0.872665 0.029 0.006
0.872665 1.047198 0.007 0.007
1.047198 1.221730 -0.013 0.008
1.221730 1.396263 0.016 0.009
1.396263 1.570796 0.020 0.009
1.570796 1.745329 0.054 0.009
1.745329 1.919862 0.063 0.007
1.919862 2.094395 0.059 0.007
2.094395 2.268928 0.049 0.006
2.268928 2.443461 0.046 0.006
2.443461 2.617994 0.033 0.006
2.617994 2.792527 0.027 0.006
2.792527 2.967060 0.012 0.005
2.967060 3.141593 0.009 0.005
***
0.000000 0.174533 0.185 0.004
0.174533 0.349066 0.140 0.004
0.349066 0.523599 0.082 0.004
0.523599 0.698132 0.040 0.005
0.698132 0.872665 0.014 0.005
0.872665 1.047198 0.002 0.005
1.047198 1.221730 -0.004 0.006
1.221730 1.396263 0.016 0.007
1.396263 1.570796 0.043 0.008
1.570796 1.745329 0.055 0.007
1.745329 1.919862 0.057 0.006
1.919862 2.094395 0.058 0.006
2.094395 2.268928 0.054 0.005
2.268928 2.443461 0.046 0.005
2.443461 2.617994 0.031 0.005
2.617994 2.792527 0.021 0.005
2.792527 2.967060 0.017 0.005
2.967060 3.141593 0.025 0.005
***