$\Delta\phi$ (rad)
4
$Y = \frac{1}{N_{trig}} \frac{d^2N}{d\Delta\phi dp_{T}}$
$Y = \frac{1}{N_{trig}} \frac{d^2N}{d\Delta\phi dp_{T}}$
$Y = \frac{1}{N_{trig}} \frac{d^2N}{d\Delta\phi dp_{T}}$
$Y = \frac{1}{N_{trig}} \frac{d^2N}{d\Delta\phi dp_{T}}$
Qualifiers 1
Qualifiers 2
Qualifiers 3
Qualifiers 4
yes
none
none
1
$\Delta Y$
symmetric
0.000000 0.261799 0.040 0.004
0.261799 0.523599 0.034 0.004
0.523599 0.785398 0.006 0.004
0.785398 1.047198 0.001 0.005
1.047198 1.308997 0.013 0.006
1.308997 1.570796 0.026 0.007
1.570796 1.832596 0.036 0.006
1.832596 2.094395 0.042 0.005
2.094395 2.356194 0.051 0.005
2.356194 2.617994 0.043 0.005
2.617994 2.879793 0.045 0.005
2.879793 3.141593 0.028 0.004
***
0.000000 0.261799 0.0294 0.0031
0.261799 0.523599 0.0270 0.0033
0.523599 0.785398 0.0114 0.0035
0.785398 1.047198 -0.003 0.004
1.047198 1.308997 0.007 0.005
1.308997 1.570796 0.013 0.005
1.570796 1.832596 0.020 0.005
1.832596 2.094395 0.034 0.004
2.094395 2.356194 0.033 0.004
2.356194 2.617994 0.035 0.004
2.617994 2.879793 0.032 0.004
2.879793 3.141593 0.024 0.004
***
0.000000 0.261799 0.0574 0.0018
0.261799 0.523599 0.0407 0.0019
0.523599 0.785398 0.0127 0.0021
0.785398 1.047198 0.0021 0.0025
1.047198 1.308997 0.0039 0.0030
1.308997 1.570796 0.0140 0.0034
1.570796 1.832596 0.0233 0.0030
1.832596 2.094395 0.0314 0.0026
2.094395 2.356194 0.0286 0.0024
2.356194 2.617994 0.0182 0.0023
2.617994 2.879793 0.0160 0.0022
2.879793 3.141593 0.0127 0.0022
***
0.000000 0.261799 0.0397 0.0015
0.261799 0.523599 0.0253 0.0015
0.523599 0.785398 0.0102 0.0017
0.785398 1.047198 0.0013 0.0019
1.047198 1.308997 4e-4 0.0022
1.308997 1.570796 0.0051 0.0025
1.570796 1.832596 0.0186 0.0022
1.832596 2.094395 0.0212 0.0020
2.094395 2.356194 0.0186 0.0019
2.356194 2.617994 0.0171 0.0018
2.617994 2.879793 0.0116 0.0018
2.879793 3.141593 0.0089 0.0018
***