$p_T m\mathrm{GeV}/c$
4
$R_{dAu}$
$R_{dAu}$
$R_{dAu}$
$R_{dAu}$
Centrality A (Central)
Centrality B
Centrality C
Centrality D (Peripheral)
yes
none
none
2
stat.
symmetric
sys.
symmetric
0.6 0.7 0.6503 0.0017 0.021
0.7 0.8 0.6738 0.0021 0.022
0.8 0.9 0.7223 0.0026 0.023
0.9 1 0.7471 0.0031 0.024
1 1.1 0.780 0.004 0.025
1.1 1.2 0.834 0.005 0.027
1.2 1.3 0.879 0.006 0.028
1.3 1.4 0.922 0.007 0.030
1.4 1.5 0.928 0.008 0.030
1.5 1.6 0.942 0.009 0.030
1.6 1.7 1.018 0.012 0.033
1.7 1.8 1.019 0.013 0.033
1.8 1.9 1.078 0.016 0.035
1.9 2 1.090 0.018 0.035
2 2.1 1.084 0.020 0.035
2.1 2.2 1.076 0.022 0.034
2.2 2.3 1.183 0.028 0.04
2.3 2.4 1.168 0.031 0.04
2.4 2.5 1.165 0.035 0.04
2.5 2.6 1.27 0.04 0.04
2.6 2.7 1.19 0.04 0.04
2.7 2.8 1.17 0.05 0.04
2.8 2.9 1.25 0.06 0.04
2.9 3 1.34 0.07 0.04
3 3.2 1.17 0.05 0.04
3.2 3.25 1.36 0.07 0.04
3.25 3.55 1.31 0.08 0.04
3.55 3.7 1.32 0.10 0.04
3.7 4 1.22 0.10 0.04
4 4.25 1.21 0.11 0.04
4.25 4.6 1.15 0.13 0.04
4.6 4.9 1.51 0.26 0.05
4.9 5.75 1.07 0.17 0.04
5.75 7 0.85 0.19 0.04
***
0.6 0.7 0.6965 0.0019 0.022
0.7 0.8 0.7156 0.0023 0.023
0.8 0.9 0.7623 0.0028 0.024
0.9 1 0.7805 0.0034 0.025
1 1.1 0.810 0.004 0.026
1.1 1.2 0.863 0.005 0.028
1.2 1.3 0.899 0.006 0.029
1.3 1.4 0.940 0.007 0.030
1.4 1.5 0.945 0.008 0.030
1.5 1.6 0.957 0.010 0.031
1.6 1.7 1.019 0.012 0.033
1.7 1.8 1.034 0.014 0.033
1.8 1.9 1.069 0.016 0.034
1.9 2 1.066 0.018 0.034
2 2.1 1.089 0.021 0.035
2.1 2.2 1.056 0.023 0.034
2.2 2.3 1.186 0.029 0.04
2.3 2.4 1.149 0.031 0.04
2.4 2.5 1.147 0.035 0.04
2.5 2.6 1.26 0.04 0.04
2.6 2.7 1.18 0.04 0.04
2.7 2.8 1.21 0.05 0.04
2.8 2.9 1.23 0.06 0.04
2.9 3 1.36 0.07 0.04
3 3.2 1.20 0.05 0.04
3.2 3.25 1.29 0.07 0.04
3.25 3.55 1.30 0.08 0.04
3.55 3.7 1.22 0.09 0.04
3.7 4 1.26 0.11 0.04
4 4.25 1.34 0.12 0.04
4.25 4.6 1.24 0.14 0.04
4.6 4.9 1.54 0.27 0.05
4.9 5.75 1.16 0.18 0.04
5.75 7 1.04 0.24 0.05
***
0.6 0.7 0.7579 0.0022 0.024
0.7 0.8 0.7753 0.0026 0.025
0.8 0.9 0.8133 0.0032 0.026
0.9 1 0.828 0.004 0.027
1 1.1 0.846 0.005 0.027
1.1 1.2 0.892 0.006 0.029
1.2 1.3 0.921 0.007 0.030
1.3 1.4 0.958 0.008 0.031
1.4 1.5 0.953 0.009 0.031
1.5 1.6 0.954 0.010 0.031
1.6 1.7 1.018 0.012 0.033
1.7 1.8 1.017 0.014 0.033
1.8 1.9 1.048 0.017 0.034
1.9 2 1.059 0.019 0.034
2 2.1 1.057 0.021 0.034
2.1 2.2 1.053 0.024 0.034
2.2 2.3 1.141 0.029 0.04
2.3 2.4 1.109 0.032 0.04
2.4 2.5 1.13 0.04 0.04
2.5 2.6 1.26 0.05 0.04
2.6 2.7 1.11 0.04 0.04
2.7 2.8 1.14 0.05 0.04
2.8 2.9 1.20 0.06 0.04
2.9 3 1.35 0.08 0.04
3 3.2 1.094 0.05 0.035
3.2 3.25 1.26 0.07 0.04
3.25 3.55 1.19 0.08 0.04
3.55 3.7 1.22 0.10 0.04
3.7 4 1.16 0.10 0.04
4 4.25 1.15 0.11 0.04
4.25 4.6 1.18 0.14 0.04
4.6 4.9 1.45 0.26 0.05
4.9 5.75 1.31 0.21 0.05
5.75 7 0.80 0.19 0.05
***
0.6 0.7 0.9065 0.0027 0.029
0.7 0.8 0.8991 0.0032 0.029
0.8 0.9 0.921 0.004 0.030
0.9 1 0.918 0.004 0.029
1 1.1 0.917 0.005 0.029
1.1 1.2 0.943 0.006 0.030
1.2 1.3 0.961 0.007 0.031
1.3 1.4 0.985 0.009 0.032
1.4 1.5 0.961 0.010 0.031
1.5 1.6 0.953 0.011 0.031
1.6 1.7 1.000 0.013 0.032
1.7 1.8 1.008 0.015 0.032
1.8 1.9 1.032 0.017 0.033
1.9 2 1.018 0.020 0.033
2 2.1 0.992 0.021 0.032
2.1 2.2 0.988 0.024 0.032
2.2 2.3 1.072 0.030 0.034
2.3 2.4 1.029 0.032 0.033
2.4 2.5 1.068 0.04 0.034
2.5 2.6 1.13 0.04 0.04
2.6 2.7 1.089 0.05 0.035
2.7 2.8 1.042 0.05 0.033
2.8 2.9 1.090 0.06 0.035
2.9 3 1.20 0.07 0.04
3 3.2 0.992 0.05 0.032
3.2 3.25 1.27 0.07 0.04
3.25 3.55 1.15 0.08 0.04
3.55 3.7 1.13 0.10 0.04
3.7 4 1.094 0.11 0.035
4 4.25 1.045 0.11 0.035
4.25 4.6 0.901 0.12 0.031
4.6 4.9 1.65 0.31 0.06
4.9 5.75 1.33 0.23 0.05
5.75 7 1.00 0.25 0.06
***