$p_T m\mathrm{GeV}/c$
1
$R_{dAu}$
Centrality A (Central)
yes
none
none
2
stat.
symmetric
sys.
symmetric
0.6 0.7 0.6503 0.0017 0.021
0.7 0.8 0.6738 0.0021 0.022
0.8 0.9 0.7223 0.0026 0.023
0.9 1 0.7471 0.0031 0.024
1 1.1 0.780 0.004 0.025
1.1 1.2 0.834 0.005 0.027
1.2 1.3 0.879 0.006 0.028
1.3 1.4 0.922 0.007 0.030
1.4 1.5 0.928 0.008 0.030
1.5 1.6 0.942 0.009 0.030
1.6 1.7 1.018 0.012 0.033
1.7 1.8 1.019 0.013 0.033
1.8 1.9 1.078 0.016 0.035
1.9 2 1.090 0.018 0.035
2 2.1 1.084 0.020 0.035
2.1 2.2 1.076 0.022 0.034
2.2 2.3 1.183 0.028 0.04
2.3 2.4 1.168 0.031 0.04
2.4 2.5 1.165 0.035 0.04
2.5 2.6 1.27 0.04 0.04
2.6 2.7 1.19 0.04 0.04
2.7 2.8 1.17 0.05 0.04
2.8 2.9 1.25 0.06 0.04
2.9 3 1.34 0.07 0.04
3 3.2 1.17 0.05 0.04
3.2 3.25 1.36 0.07 0.04
3.25 3.55 1.31 0.08 0.04
3.55 3.7 1.32 0.10 0.04
3.7 4 1.22 0.10 0.04
4 4.25 1.21 0.11 0.04
4.25 4.6 1.15 0.13 0.04
4.6 4.9 1.51 0.26 0.05
4.9 5.75 1.07 0.17 0.04
5.75 7 0.85 0.19 0.04
***