$p_T$
1
$R_{dAu}$
Centrality D (Peripheral)
yes
none
none
2
stat.
symmetric
sys.
symmetric
0.6 0.7 0.9065 0.0027 0.029
0.7 0.8 0.8991 0.0032 0.029
0.8 0.9 0.921 0.004 0.030
0.9 1 0.918 0.004 0.029
1 1.1 0.917 0.005 0.029
1.1 1.2 0.943 0.006 0.030
1.2 1.3 0.961 0.007 0.031
1.3 1.4 0.985 0.009 0.032
1.4 1.5 0.961 0.010 0.031
1.5 1.6 0.953 0.011 0.031
1.6 1.7 1.000 0.013 0.032
1.7 1.8 1.008 0.015 0.032
1.8 1.9 1.032 0.017 0.033
1.9 2 1.018 0.020 0.033
2 2.1 0.992 0.021 0.032
2.1 2.2 0.988 0.024 0.032
2.2 2.3 1.072 0.030 0.034
2.3 2.4 1.029 0.032 0.033
2.4 2.5 1.068 0.04 0.034
2.5 2.6 1.13 0.04 0.04
2.6 2.7 1.089 0.05 0.035
2.7 2.8 1.042 0.05 0.033
2.8 2.9 1.090 0.06 0.035
2.9 3 1.20 0.07 0.04
3 3.2 0.992 0.05 0.032
3.2 3.25 1.27 0.07 0.04
3.25 3.55 1.15 0.08 0.04
3.55 3.7 1.13 0.10 0.04
3.7 4 1.094 0.11 0.035
4 4.25 1.045 0.11 0.035
4.25 4.6 0.901 0.12 0.031
4.6 4.9 1.65 0.31 0.06
4.9 5.75 1.33 0.23 0.05
5.75 7 1.00 0.25 0.06
***