$p_T m\mathrm{GeV}/c$
1
Invariant Yield
Centrality A (Central)
yes
none
none
2
stat.
symmetric
sys.
symmetric
0.60 0.70 9.93 0.09 0.10
0.70 0.80 6.22 0.06 0.06
0.80 0.90 4.04 0.05 0.04
0.90 1.00 2.800 0.04 0.027
1.00 1.10 1.930 0.028 0.019
1.10 1.20 1.350 0.022 0.013
1.20 1.30 0.937 0.018 0.009
1.30 1.40 0.684 0.014 0.007
1.40 1.50 0.485 0.012 0.005
1.50 1.60 0.3550 0.010 0.0035
1.60 1.70 0.2630 0.008 0.0026
1.70 1.80 0.2000 0.007 0.0020
1.80 1.90 0.1550 0.006 0.0015
1.90 2.00 0.1110 0.005 0.0011
2.00 2.10 0.0853 0.004 8e-4
2.10 2.20 0.0639 0.0034 6e-4
2.20 2.30 0.0485 0.0029 5e-4
2.30 2.40 0.0404 0.0026 4e-4
2.40 2.50 0.02950 0.0022 2.9e-4
2.50 2.60 0.02020 0.0017 2.0e-4
2.60 2.70 0.01650 0.0015 1.6e-4
2.70 2.80 0.01410 0.0014 1.4e-4
2.80 2.90 0.01020 0.0012 1.0e-4
2.90 3.00 0.00846 0.0010 8e-5
3.00 3.10 0.00823 0.0010 8e-5
3.10 3.20 0.003240 6e-4 3.2e-5
3.20 3.30 0.00418 7e-4 4e-5
3.30 3.40 0.003100 6e-4 3.1e-5
3.40 3.50 0.002320 5e-4 2.3e-5
3.50 3.60 0.002060 5e-4 2.0e-5
3.60 3.70 0.001600 4e-4 1.6e-5
3.70 3.80 9.57e-4 3.0e-4 9e-6
3.80 3.90 9.05e-4 2.8e-4 1.2e-5
3.90 4.00 0.001550 4e-4 1.5e-5
4.00 4.10 8.18e-4 2.7e-4 8e-6
4.10 4.20 8.83e-4 2.8e-4 9e-6
4.20 4.30 6.06e-4 2.3e-4 6e-6
4.30 4.40 6.59e-4 2.3e-4 6e-6
4.40 4.50 3.78e-4 2.6e-4 4e-6
4.50 4.60 3.70e-4 2.6e-4 4e-6
4.60 4.75 3.78e-4 1.5e-4 4e-6
4.75 5.25 1.430e-4 9e-5 1.5e-6
***