$p_T m\mathrm{GeV}/c$
1
Invariant Yield
Centrality C
yes
none
none
2
stat.
symmetric
sys.
symmetric
0.60 0.70 0.05440 3.3e-4 0.05
0.70 0.80 0.03420 2.4e-4 0.032
0.80 0.90 0.02200 1.7e-4 0.021
0.90 1.00 0.01470 1.3e-4 0.014
1.00 1.10 0.00996 1.0e-4 0.009
1.10 1.20 0.00679 8e-5 0.006
1.20 1.30 0.00483 6e-5 0.005
1.30 1.40 0.00335 5e-5 0.0032
1.40 1.50 0.00232 4e-5 0.0022
1.50 1.60 0.001710 3.2e-5 0.0016
1.60 1.70 0.001250 2.7e-5 0.0012
1.70 1.80 9.54e-4 2.3e-5 9e-4
1.80 1.90 7.07e-4 1.9e-5 7e-4
1.90 2.00 5.26e-4 1.6e-5 5e-4
2.00 2.10 3.73e-4 1.2e-5 3.5e-4
2.10 2.20 2.99e-4 1.2e-5 2.8e-4
2.20 2.30 2.24e-4 9e-6 2.1e-4
2.30 2.40 1.62e-4 8e-6 1.5e-4
2.40 2.50 1.32e-4 7e-6 1.2e-4
2.50 2.60 9.5e-5 6e-6 9e-5
2.60 2.70 7.6e-5 5e-6 7e-5
2.70 2.80 6.1e-5 4e-6 6e-5
2.80 2.90 4.7e-5 4e-6 4e-5
2.90 3.00 3.67e-5 3.0e-6 3.4e-5
3.00 3.10 2.79e-5 2.6e-6 2.6e-5
3.10 3.20 2.28e-5 2.7e-6 2.1e-5
3.20 3.30 1.80e-5 2.1e-6 1.7e-5
3.30 3.40 1.52e-5 1.9e-6 1.4e-5
3.40 3.50 1.03e-5 1.3e-6 1.0e-5
3.50 3.60 9.1e-6 1.7e-6 9e-6
3.60 3.70 6.8e-6 1.4e-6 6e-6
3.70 3.80 7.3e-6 1.4e-6 7e-6
3.80 3.90 5.4e-6 1.1e-6 5e-6
3.90 4.00 3.5e-6 8e-7 3.3e-6
4.00 4.10 3.3e-6 7e-7 3.1e-6
4.10 4.20 3.5e-6 9e-7 3.4e-6
4.20 4.30 1.7e-6 4e-7 1.6e-6
4.30 4.40 1.1e-6 6e-7 1.2e-6
4.40 4.50 1.4e-6 5e-7 1.5e-6
4.50 4.60 1.7e-6 6e-7 1.7e-6
4.60 4.70 1.6e-6 7e-7 1.5e-6
4.70 4.90 5e-7 4e-7 6e-7
4.90 5.50 2.5e-7 8e-8 4e-7
5.75 6.5 1.6e-7 6e-8 1.9e-7
***