$p_T m\mathrm{GeV}/c$
1
Invariant Yield
Centrality B
yes
none
none
2
stat.
symmetric
sys.
symmetric
0.60 0.70 0.746 0.004 0.07
0.70 0.80 0.4620 0.0027 0.04
0.80 0.90 0.3130 0.0021 0.030
0.90 1.00 0.2070 0.0016 0.020
1.00 1.10 0.1390 0.0012 0.013
1.10 1.20 0.0983 0.0010 0.009
1.20 1.30 0.0674 8e-4 0.006
1.30 1.40 0.0490 6e-4 0.005
1.40 1.50 0.0357 5e-4 0.0034
1.50 1.60 0.0264 4e-4 0.0025
1.60 1.70 0.01850 3.5e-4 0.0018
1.70 1.80 0.01450 3.0e-4 0.0014
1.80 1.90 0.01040 2.4e-4 0.0010
1.90 2.00 0.00770 2.0e-4 7e-4
2.00 2.10 0.00623 1.9e-4 6e-4
2.10 2.20 0.00427 1.4e-4 4e-4
2.20 2.30 0.00346 1.3e-4 3.3e-4
2.30 2.40 0.00250 1.1e-4 2.4e-4
2.40 2.50 0.00211 1.0e-4 2.0e-4
2.50 2.60 0.00146 8e-5 1.4e-4
2.60 2.70 0.00116 7e-5 1.1e-4
2.70 2.80 9.9e-4 6e-5 1.0e-4
2.80 2.90 7.5e-4 5e-5 7e-5
2.90 3.00 6.4e-4 5e-5 6e-5
3.00 3.10 5.3e-4 5e-5 5e-5
3.10 3.20 2.78e-4 2.8e-5 2.9e-5
3.20 3.30 2.64e-4 2.9e-5 3.1e-5
3.30 3.40 2.41e-4 3.0e-5 2.3e-5
3.40 3.50 2.43e-4 4e-5 2.3e-5
3.50 3.60 1.10e-4 1.6e-5 1.1e-5
3.60 3.70 9.4e-5 1.8e-5 1.0e-5
3.70 3.80 8.2e-5 1.5e-5 1.0e-5
3.80 3.90 7.8e-5 1.6e-5 1.0e-5
3.90 4.00 7.8e-5 1.7e-5 8e-6
4.00 4.10 8.2e-5 1.8e-5 8e-6
4.10 4.20 4.8e-5 1.0e-5 5e-6
4.20 4.30 3.8e-5 1.6e-5 5e-6
4.30 4.40 2.57e-5 1.7e-5 3.1e-6
4.40 4.50 2.92e-5 9e-6 2.8e-6
4.50 4.60 2.85e-5 8e-6 2.7e-6
4.60 5.00 1.0e-5 6e-6 4e-6
5.00 7.00 1.2e-6 1.0e-6 9e-7
***