$p_T m\mathrm{GeV}/c$
1
Invariant Yield
Centrality D (Peripheral)
yes
none
none
2
stat.
symmetric
sys.
symmetric
0.60 0.70 0.003130 1.3e-5 0.031
0.70 0.80 0.001890 9e-6 0.019
0.80 0.90 0.001200 7e-6 0.012
0.90 1.00 7.72e-4 5e-6 0.008
1.00 1.10 5.04e-4 4e-6 0.005
1.10 1.20 3.400e-4 3.0e-6 0.0034
1.20 1.30 2.290e-4 2.3e-6 0.0023
1.30 1.40 1.620e-4 1.9e-6 0.0016
1.40 1.50 1.120e-4 1.5e-6 0.0011
1.50 1.60 8.05e-5 1.2e-6 8e-4
1.60 1.70 5.91e-5 1.0e-6 6e-4
1.70 1.80 4.26e-5 8e-7 4e-4
1.80 1.90 3.09e-5 7e-7 3.1e-4
1.90 2.00 2.33e-5 6e-7 2.3e-4
2.00 2.10 1.70e-5 5e-7 1.7e-4
2.10 2.20 1.27e-5 4e-7 1.3e-4
2.20 2.30 9.69e-6 3.4e-7 1.0e-4
2.30 2.40 7.43e-6 2.9e-7 7e-5
2.40 2.50 5.85e-6 2.6e-7 6e-5
2.50 2.60 4.08e-6 2.1e-7 4e-5
2.60 2.70 3.71e-6 1.9e-7 4e-5
2.70 2.80 2.67e-6 1.6e-7 2.7e-5
2.80 2.90 1.95e-6 1.3e-7 1.9e-5
2.90 3.00 1.61e-6 1.2e-7 1.6e-5
3.00 3.10 1.28e-6 1.1e-7 1.3e-5
3.10 3.20 7.4e-7 8e-8 7e-6
3.20 3.30 9.7e-7 9e-8 1.0e-5
3.30 3.40 6.9e-7 7e-8 7e-6
3.40 3.50 4.7e-7 6e-8 5e-6
3.50 3.60 3.6e-7 5e-8 4e-6
3.60 3.70 4.2e-7 5e-8 4e-6
3.70 3.80 2.3e-7 4e-8 2.3e-6
3.80 3.90 2.4e-7 4e-8 2.4e-6
3.90 4.00 1.9e-7 4e-8 1.9e-6
4.00 4.10 1.42e-7 3.1e-8 1.4e-6
4.10 4.20 1.13e-7 2.7e-8 1.2e-6
4.20 4.30 6.9e-8 1.9e-8 8e-7
4.30 4.40 8.7e-8 2.6e-8 9e-7
4.40 4.50 5.2e-8 1.7e-8 5e-7
4.50 4.60 7.8e-8 2.5e-8 8e-7
4.60 4.70 7.1e-8 2.0e-8 7e-7
4.70 4.80 1.8e-8 1.4e-8 2.2e-7
4.80 4.90 3.3e-8 1.4e-8 5e-7
4.90 5.00 2.9e-8 1.9e-8 3.0e-7
5.00 5.50 2.6e-8 5e-9 2.7e-7
5.50 6.00 1.4e-8 4e-9 1.5e-7
6.00 7.25 2.1e-9 1.2e-9 6e-8
7.25 8.50 1.1e-9 5e-10 1.3e-8
***