$p_T m\mathrm{GeV}/c$
1
Invariant Yield
All Centralities
yes
none
none
2
stat.
symmetric
sys.
symmetric
0.60 0.70 44.60 0.12 0.04
0.70 0.80 27.500 0.09 0.026
0.80 0.90 17.800 0.06 0.017
0.90 1.00 11.700 0.05 0.011
1.00 1.10 7.830 0.04 0.007
1.10 1.20 5.370 0.029 0.005
1.20 1.30 3.7000 0.023 0.0035
1.30 1.40 2.6300 0.018 0.0025
1.40 1.50 1.8400 0.015 0.0018
1.50 1.60 1.3500 0.012 0.0013
1.60 1.70 0.9790 0.010 9e-4
1.70 1.80 0.7360 0.008 7e-4
1.80 1.90 0.5410 0.007 5e-4
1.90 2.00 0.4020 0.006 4e-4
2.00 2.10 0.30000 0.005 2.9e-4
2.10 2.20 0.22400 0.004 2.1e-4
2.20 2.30 0.17300 0.0035 1.6e-4
2.30 2.40 0.13000 0.0030 1.2e-4
2.40 2.50 0.10400 0.0026 1.0e-4
2.50 2.60 0.07240 0.0021 7e-5
2.60 2.70 0.06070 0.0019 6e-5
2.70 2.80 0.04820 0.0017 5e-5
2.80 2.90 0.036100 0.0014 3.4e-5
2.90 3.00 0.029500 0.0013 2.8e-5
3.00 3.10 0.023800 0.0011 2.3e-5
3.10 3.20 0.014500 8e-4 1.4e-5
3.20 3.30 0.015100 8e-4 1.4e-5
3.30 3.40 0.012000 7e-4 1.1e-5
3.40 3.50 0.009060 6e-4 9e-6
3.50 3.60 0.006470 5e-4 6e-6
3.60 3.70 0.005960 5e-4 6e-6
3.70 3.80 0.004590 4e-4 4e-6
3.80 3.90 0.004100 4e-4 4e-6
3.90 4.00 0.0035000 4e-4 3.3e-6
4.00 4.10 0.0029500 3.4e-4 2.8e-6
4.10 4.20 0.0024100 3.0e-4 2.3e-6
4.20 4.30 0.0016300 2.5e-4 1.6e-6
4.30 4.40 0.0013900 2.2e-4 1.3e-6
4.40 4.50 0.0011400 2.0e-4 1.1e-6
4.50 4.60 0.0013600 2.1e-4 1.3e-6
4.60 4.70 0.0011700 2.0e-4 1.1e-6
4.70 4.80 5.620e-4 1.3e-4 6e-7
4.80 4.90 6.090e-4 1.3e-4 7e-7
4.90 5.00 4.750e-4 1.3e-4 5e-7
5.00 5.50 2.9900e-4 4e-5 3.1e-7
5.50 6.00 1.3700e-4 2.5e-5 1.5e-7
6.00 6.50 1.1000e-4 2.1e-5 1.2e-7
6.50 7.00 3.1200e-5 1.3e-5 3.5e-8
7.00 8.75 1.0300e-5 5e-6 2.1e-8
***