$p_T$
1
$v_2$
$30-40\%$
yes
none
none
2
stat.
symmetric
sys.
asymmetric
  0.200     0.300     0.02733 0.000 0.023 0.023
  0.300     0.400     0.04523 0.000 0.004 0.004
  0.400     0.500     0.05935 2e-4 0.0029 0.0029
  0.500     0.600     0.07263 2e-4 0.0022 0.0022
  0.600     0.700     0.08502 2e-4 0.0018 0.0018
  0.700     0.800     0.09651 3e-4 0.0020 0.0020
  0.800     0.900     0.10742 3e-4 0.0018 0.0018
  0.900     1.000     0.11793 3e-4 0.0015 0.0015
  1.000     1.200     0.13156 3e-4 0.0017 0.0017
  1.200     1.400     0.15004 4e-4 0.0014 0.0014
  1.400     1.600     0.16604 5e-4 0.0019 0.0019
  1.600     1.800     0.18107 7e-4 0.0017 0.0017
  1.800     2.000     0.19290 9e-4 0.0019 0.0019
  2.000     2.400     0.20640 9e-4 0.0019 0.0019
  2.400     3.000     0.21859 0.0016 0.0021 0.0021
  3.000     3.700     0.21843 0.0025 0.0019 0.0019
  3.700     5.000     0.18342 0.007 0.006 0.006
  5.000     6.500     0.15970 0.016 0.012 0.012
  6.500     8.500     0.18703 0.032 0.034 0.034
***