$p_T$
1
$v_2$
$20-30\%$
yes
none
none
2
stat.
symmetric
sys.
asymmetric
  0.200     0.300     0.02367 0.000 0.014 0.014
  0.300     0.400     0.03981 0.000 0.004 0.004
  0.400     0.500     0.05138 1e-4 0.0031 0.0031
  0.500     0.600     0.06250 2e-4 0.0030 0.0030
  0.600     0.700     0.07276 2e-4 0.0027 0.0027
  0.700     0.800     0.08298 2e-4 0.0022 0.0022
  0.800     0.900     0.09184 2e-4 0.0022 0.0022
  0.900     1.000     0.10139 2e-4 0.0020 0.0020
  1.000     1.200     0.11279 2e-4 0.0020 0.0020
  1.200     1.400     0.12862 3e-4 0.0018 0.0018
  1.400     1.600     0.14459 4e-4 0.0020 0.0020
  1.600     1.800     0.15864 5e-4 0.0019 0.0019
  1.800     2.000     0.17169 7e-4 0.0019 0.0019
  2.000     2.400     0.18437 7e-4 0.0018 0.0018
  2.400     3.000     0.19554 0.0012 0.0022 0.0022
  3.000     3.700     0.19585 0.0019 0.0025 0.0025
  3.700     5.000     0.18189 0.005 0.005 0.005
  5.000     6.500     0.14502 0.012 0.010 0.010
  6.500     8.500     0.15856 0.025 0.018 0.018
***