$p_T$
1
$v_2$
$20-60\%$
yes
none
none
2
stat.
symmetric
sys.
asymmetric
  0.200     0.300     0.02569 0.000 0.019 0.019
  0.300     0.400     0.04271 0.000 0.004 0.004
  0.400     0.500     0.05587 1e-4 0.0026 0.0026
  0.500     0.600     0.06846 1e-4 0.0022 0.0022
  0.600     0.700     0.08009 1e-4 0.0019 0.0019
  0.700     0.800     0.09123 1e-4 0.0018 0.0018
  0.800     0.900     0.10124 2e-4 0.0019 0.0019
  0.900     1.000     0.11159 2e-4 0.0015 0.0015
  1.000     1.200     0.12439 2e-4 0.0015 0.0015
  1.200     1.400     0.14170 2e-4 0.0014 0.0014
  1.400     1.600     0.15770 3e-4 0.0018 0.0018
  1.600     1.800     0.17244 4e-4 0.0017 0.0017
  1.800     2.000     0.18481 5e-4 0.0017 0.0017
  2.000     2.400     0.19684 5e-4 0.0016 0.0016
  2.400     3.000     0.20803 9e-4 0.0014 0.0014
  3.000     3.700     0.20569 0.0014 0.0021 0.0021
  3.700     5.000     0.17942 0.004 0.004 0.004
  5.000     6.500     0.14862 0.009 0.007 0.007
  6.500     8.500     0.16262 0.018 0.020 0.020
***