$p_T$
1
$v_2$
$50-60\%$
yes
none
none
2
stat.
symmetric
sys.
asymmetric
  0.200     0.300     0.02529 0.001 0.018 0.018
  0.300     0.400     0.04384 0.001 0.004 0.004
  0.400     0.500     0.05986 0.0013 0.0028 0.0028
  0.500     0.600     0.07273 0.0015 0.0018 0.0018
  0.600     0.700     0.08647 0.0017 0.0015 0.0015
  0.700     0.800     0.09633 0.0019 0.0013 0.0013
  0.800     0.900     0.11196 0.0021 0.0018 0.0018
  0.900     1.000     0.12413 0.0024 0.0011 0.0011
  1.000     1.200     0.13707 0.0021 0.0012 0.0012
  1.200     1.400     0.14709 0.0027 0.0014 0.0014
  1.400     1.600     0.16469 0.0037 0.0018 0.0018
  1.600     1.800     0.18411 0.0052 0.0020 0.0020
  1.800     2.000     0.18679 0.0070 0.0029 0.0029
  2.000     2.400     0.19518 0.0068 0.0030 0.0030
  2.400     3.000     0.21100 0.0127 0.0035 0.0035
  3.000     3.700     0.16274 0.019 0.004 0.004
  3.700     5.000     0.14306 0.047 0.019 0.019
***