$p_T$
1
$v_2$
$30-40\%$
yes
none
none
2
stat.
symmetric
sys.
asymmetric
  0.200     0.300     0.02819 0.001 0.024 0.024
  0.300     0.400     0.04305 0.001 0.004 0.004
  0.400     0.500     0.05713 7e-4 0.0028 0.0028
  0.500     0.600     0.06852 8e-4 0.0021 0.0021
  0.600     0.700     0.08028 9e-4 0.0017 0.0017
  0.700     0.800     0.08966 0.0010 0.0019 0.0019
  0.800     0.900     0.10077 0.0011 0.0017 0.0017
  0.900     1.000     0.11046 0.0013 0.0014 0.0014
  1.000     1.200     0.12430 0.0011 0.0016 0.0016
  1.200     1.400     0.13898 0.0014 0.0013 0.0013
  1.400     1.600     0.15615 0.0019 0.0018 0.0018
  1.600     1.800     0.17486 0.0026 0.0017 0.0017
  1.800     2.000     0.19124 0.0035 0.0019 0.0019
  2.000     2.400     0.19616 0.0035 0.0018 0.0018
  2.400     3.000     0.20250 0.0065 0.0020 0.0020
  3.000     3.700     0.20918 0.0100 0.0018 0.0018
  3.700     5.000     0.16787 0.026 0.005 0.005
  5.000     6.500     0.03492 0.0621 0.0027 0.0027
***