$p_T$
1
$v_2$
$10-20\%$
yes
none
none
2
stat.
symmetric
sys.
asymmetric
  0.200     0.300     0.02145 0.001 0.005 0.005
  0.300     0.400     0.02924 7e-4 0.0026 0.0026
  0.400     0.500     0.03621 8e-4 0.0028 0.0028
  0.500     0.600     0.04255 9e-4 0.0034 0.0034
  0.600     0.700     0.04951 0.0010 0.0026 0.0026
  0.700     0.800     0.05445 0.0012 0.0023 0.0023
  0.800     0.900     0.06442 0.0013 0.0022 0.0022
  0.900     1.000     0.06923 0.0015 0.0020 0.0020
  1.000     1.200     0.07626 0.0013 0.0019 0.0019
  1.200     1.400     0.08993 0.0016 0.0018 0.0018
  1.400     1.600     0.10031 0.0021 0.0020 0.0020
  1.600     1.800     0.11598 0.0029 0.0018 0.0018
  1.800     2.000     0.12960 0.0040 0.0024 0.0024
  2.000     2.400     0.13446 0.0039 0.0018 0.0018
  2.400     3.000     0.14772 0.0075 0.0020 0.0020
  3.000     3.700     0.14255 0.0120 0.0023 0.0023
  3.700     5.000     0.14410 0.033 0.004 0.004
  5.000     6.500     0.02498 0.0800 0.0016 0.0016
***