$p_T$
1
$v_2$
$20-30\%$
yes
none
none
2
stat.
symmetric
sys.
asymmetric
  0.200     0.300     0.02523 0.001 0.014 0.014
  0.300     0.400     0.03893 6e-4 0.0035 0.0035
  0.400     0.500     0.04726 7e-4 0.0028 0.0028
  0.500     0.600     0.05785 8e-4 0.0028 0.0028
  0.600     0.700     0.06860 8e-4 0.0026 0.0026
  0.700     0.800     0.07721 9e-4 0.0020 0.0020
  0.800     0.900     0.08745 0.0011 0.0021 0.0021
  0.900     1.000     0.09523 0.0012 0.0019 0.0019
  1.000     1.200     0.10622 0.0010 0.0019 0.0019
  1.200     1.400     0.12107 0.0013 0.0018 0.0018
  1.400     1.600     0.13466 0.0018 0.0020 0.0020
  1.600     1.800     0.14785 0.0024 0.0019 0.0019
  1.800     2.000     0.16454 0.0033 0.0020 0.0020
  2.000     2.400     0.17613 0.0032 0.0020 0.0020
  2.400     3.000     0.19024 0.0061 0.0024 0.0024
  3.000     3.700     0.18612 0.0095 0.0026 0.0026
  3.700     5.000     0.18283 0.026 0.005 0.005
  5.000     6.500     0.17163 0.062 0.011 0.011
***