$p_T$
1
$v_2$
$20-60\%$
yes
none
none
2
stat.
symmetric
sys.
asymmetric
  0.200     0.300     0.02661 0.000 0.020 0.020
  0.300     0.400     0.04188 0.000 0.004 0.004
  0.400     0.500     0.05395 4e-4 0.0025 0.0025
  0.500     0.600     0.06567 5e-4 0.0021 0.0021
  0.600     0.700     0.07746 5e-4 0.0019 0.0019
  0.700     0.800     0.08730 6e-4 0.0017 0.0017
  0.800     0.900     0.09827 7e-4 0.0018 0.0018
  0.900     1.000     0.10808 7e-4 0.0015 0.0015
  1.000     1.200     0.12065 6e-4 0.0015 0.0015
  1.200     1.400     0.13535 8e-4 0.0014 0.0014
  1.400     1.600     0.14994 0.0011 0.0017 0.0017
  1.600     1.800     0.16504 0.0015 0.0016 0.0016
  1.800     2.000     0.18136 0.0020 0.0018 0.0018
  2.000     2.400     0.18912 0.0020 0.0016 0.0016
  2.400     3.000     0.19998 0.0038 0.0015 0.0015
  3.000     3.700     0.19147 0.0058 0.0020 0.0020
  3.700     5.000     0.17005 0.0152 0.0035 0.0035
  5.000     6.500     0.14833 0.036 0.007 0.007
  6.500     8.500     0.13003 0.072 0.016 0.016
***