$p_T$
1
$v_2$
$0-10\%$ Centrality
yes
none
none
2
stat.
symmetric
sys.
asymmetric
  0.200     0.300     0.00966   0.000   0.007   0.007
  0.300     0.400     0.01762   3e-4    0.0015  0.0015
  0.400     0.500     0.02169   3e-4    0.0022  0.0022
  0.500     0.600     0.02586   4e-4    0.0023  0.0023
  0.600     0.700     0.02993   4e-4    0.0021  0.0021
  0.700     0.800     0.03367   5e-4    0.0019  0.0019
  0.800     0.900     0.03763   5e-4    0.0016  0.0016
  0.900     1.000     0.04176   6e-4    0.0016  0.0016
  1.000     1.200     0.04660   6e-4    0.0015  0.0015
  1.200     1.400     0.05310   7e-4    0.0014  0.0014
  1.400     1.600     0.05988   8e-4    0.0012  0.0012
  1.600     1.800     0.06663   0.0010  0.0016  0.0016
  1.800     2.000     0.07412   0.0012  0.0014  0.0014
  2.000     2.400     0.08070   0.0012  0.0011  0.0011
  2.400     3.000     0.09052   0.0018  0.0016  0.0016
  3.000     3.700     0.09249   0.0026  0.0030  0.0030
  3.700     5.000     0.08295   0.007   0.010   0.010
***