$p_T$
1
$v_2$
$50-60\%$ Centrality
yes
none
none
2
stat.
symmetric
sys.
asymmetric
  0.200     0.300     0.02604 0.000 0.019 0.019
  0.300     0.400     0.04300 0.000 0.004 0.004
  0.400     0.500     0.05828 5e-4 0.0028 0.0028
  0.500     0.600     0.07203 6e-4 0.0018 0.0018
  0.600     0.700     0.08435 7e-4 0.0014 0.0014
  0.700     0.800     0.09747 8e-4 0.0013 0.0013
  0.800     0.900     0.10692 9e-4 0.0018 0.0018
  0.900     1.000     0.11892 0.0010 0.0010 0.0010
  1.000     1.200     0.13284 9e-4 0.0011 0.0011
  1.200     1.400     0.15013 0.0011 0.0014 0.0014
  1.400     1.600     0.16217 0.0015 0.0018 0.0018
  1.600     1.800     0.17611 0.0020 0.0019 0.0019
  1.800     2.000     0.18592 0.0026 0.0029 0.0029
  2.000     2.400     0.18959 0.0026 0.0029 0.0029
  2.400     3.000     0.20252 0.0046 0.0033 0.0033
  3.000     3.700     0.18593 0.007 0.004 0.004
  3.700     5.000     0.15403 0.017 0.021 0.021
  5.000     6.500     0.11053 0.039 0.023 0.023
***