$p_T$
1
$v_2$
$20-60\%$ Centrality
yes
none
none
2
stat.
symmetric
sys.
asymmetric
  0.200     0.300     0.02486 0.000 0.018 0.018
  0.300     0.400     0.04133 0.000 0.004 0.004
  0.400     0.500     0.05407 1e-4 0.0025 0.0025
  0.500     0.600     0.06625 1e-4 0.0022 0.0022
  0.600     0.700     0.07751 2e-4 0.0019 0.0019
  0.700     0.800     0.08828 2e-4 0.0017 0.0017
  0.800     0.900     0.09798 2e-4 0.0018 0.0018
  0.900     1.000     0.10799 2e-4 0.0015 0.0015
  1.000     1.200     0.12038 2e-4 0.0015 0.0015
  1.200     1.400     0.13713 3e-4 0.0014 0.0014
  1.400     1.600     0.15261 3e-4 0.0017 0.0017
  1.600     1.800     0.16688 4e-4 0.0016 0.0016
  1.800     2.000     0.17885 5e-4 0.0017 0.0017
  2.000     2.400     0.19049 5e-4 0.0016 0.0016
  2.400     3.000     0.20132 9e-4 0.0014 0.0014
  3.000     3.700     0.19905 0.0014 0.0020 0.0020
  3.700     5.000     0.17363 0.004 0.004 0.004
  5.000     6.500     0.14382 0.008 0.006 0.006
  6.500     8.500     0.15738 0.017 0.020 0.020
***