$p_T$
1
$v_2$
$20-30\%$ Centrality
yes
none
none
2
stat.
symmetric
sys.
asymmetric
  0.200     0.300     0.02303 0.000 0.013 0.013
  0.300     0.400     0.03874 2e-4 0.0035 0.0035
  0.400     0.500     0.04999 2e-4 0.0030 0.0030
  0.500     0.600     0.06081 2e-4 0.0029 0.0029
  0.600     0.700     0.07080 2e-4 0.0026 0.0026
  0.700     0.800     0.08075 3e-4 0.0021 0.0021
  0.800     0.900     0.08937 3e-4 0.0022 0.0022
  0.900     1.000     0.09866 3e-4 0.0020 0.0020
  1.000     1.200     0.10976 3e-4 0.0019 0.0019
  1.200     1.400     0.12516 4e-4 0.0018 0.0018
  1.400     1.600     0.14070 5e-4 0.0020 0.0020
  1.600     1.800     0.15437 6e-4 0.0019 0.0019
  1.800     2.000     0.16707 7e-4 0.0018 0.0018
  2.000     2.400     0.17941 8e-4 0.0017 0.0017
  2.400     3.000     0.19028 0.0013 0.0021 0.0021
  3.000     3.700     0.19058 0.0019 0.0025 0.0025
  3.700     5.000     0.17700 0.005 0.005 0.005
  5.000     6.500     0.14112 0.012 0.009 0.009
  6.500     8.500     0.15430 0.024 0.018 0.018
***