$p_T$
1
$v_2$
$10-20\%$ Centrality
yes
none
none
2
stat.
symmetric
sys.
asymmetric
  0.200     0.300     0.01754 0.000 0.004 0.004
  0.300     0.400     0.03008 2e-4 0.0027 0.0027
  0.400     0.500     0.03816 2e-4 0.0029 0.0029
  0.500     0.600     0.04582 0.000 0.004 0.004
  0.600     0.700     0.05326 2e-4 0.0028 0.0028
  0.700     0.800     0.06060 3e-4 0.0025 0.0025
  0.800     0.900     0.06701 3e-4 0.0022 0.0022
  0.900     1.000     0.07432 3e-4 0.0022 0.0022
  1.000     1.200     0.08259 3e-4 0.0021 0.0021
  1.200     1.400     0.09457 4e-4 0.0018 0.0018
  1.400     1.600     0.10576 5e-4 0.0020 0.0020
  1.600     1.800     0.11860 6e-4 0.0017 0.0017
  1.800     2.000     0.12760 7e-4 0.0022 0.0022
  2.000     2.400     0.13970 7e-4 0.0015 0.0015
  2.400     3.000     0.15130 0.0012 0.0015 0.0015
  3.000     3.700     0.15437 0.0018 0.0020 0.0020
  3.700     5.000     0.13577 0.005 0.004 0.004
  5.000     6.500     0.12403 0.012 0.008 0.008
  6.500     8.500     0.10515 0.023 0.017 0.017
***