$p_T$
1
$v_2$
$20-60\%$
yes
none
none
2
stat.
symmetric
sys.
asymmetric
  0.200     0.300     0.02532 0.000 0.019 0.019
  0.300     0.400     0.04002 3e-4 0.0035 0.0035
  0.400     0.500     0.05165 3e-4 0.0024 0.0024
  0.500     0.600     0.06296 4e-4 0.0021 0.0021
  0.600     0.700     0.07433 4e-4 0.0018 0.0018
  0.700     0.800     0.08377 5e-4 0.0017 0.0017
  0.800     0.900     0.09429 5e-4 0.0018 0.0018
  0.900     1.000     0.10365 6e-4 0.0016 0.0016
  1.000     1.200     0.11617 5e-4 0.0016 0.0016
  1.200     1.400     0.13006 7e-4 0.0017 0.0017
  1.400     1.600     0.14367 9e-4 0.0020 0.0020
  1.600     1.800     0.15763 0.0012 0.0021 0.0021
  1.800     2.000     0.17281 0.0015 0.0024 0.0024
  2.000     2.400     0.18031 0.0015 0.0024 0.0024
  2.400     3.000     0.18983 0.0026 0.0025 0.0025
  3.000     3.700     0.18147 0.0039 0.0027 0.0027
  3.700     5.000     0.16102 0.010 0.004 0.004
  5.000     6.500     0.14043 0.024 0.006 0.006
  6.500     8.500     0.12310 0.048 0.015 0.015
***