$p_T\ [\mathrm{GeV}/c]$
1
$R_{dAu}$
Centrality C
yes
none
none
2
stat.
symmetric
sys.
symmetric
0.6 0.7 0.789 0.005 0.025
0.7 0.8 0.809 0.006 0.026
0.8 0.9 0.842 0.007 0.027
0.9 1 0.868 0.008 0.028
1 1.1 0.891 0.010 0.029
1.1 1.2 0.925 0.012 0.030
1.2 1.3 0.981 0.014 0.032
1.3 1.4 1.000 0.016 0.032
1.4 1.5 0.973 0.018 0.032
1.5 1.6 0.986 0.020 0.032
1.6 1.7 1.052 0.025 0.034
1.7 1.8 1.088 0.029 0.035
1.8 1.9 1.134 0.034 0.04
1.9 2 1.12 0.04 0.04
2 2.1 1.079 0.04 0.035
2.1 2.2 1.12 0.05 0.04
2.2 2.3 1.22 0.06 0.04
2.3 2.4 1.13 0.06 0.04
2.4 2.5 1.17 0.07 0.04
2.5 2.6 1.21 0.08 0.04
2.6 2.7 1.15 0.09 0.04
2.7 2.8 1.19 0.09 0.04
2.8 2.9 1.25 0.11 0.04
2.9 3 1.33 0.13 0.04
3 3.2 1.13 0.09 0.04
3.2 3.4 1.34 0.13 0.04
3.4 3.6 1.18 0.14 0.04
3.6 3.8 1.21 0.20 0.04
3.8 4 1.07 0.18 0.04
4 4.25 1.13 0.18 0.04
4.25 4.5 0.99 0.26 0.06
4.5 5 1.28 0.6 0.10
5 5.5 0.82 0.25 0.07
5.5 7 0.90 0.6 0.27
***