$p_T\ [\mathrm{GeV}/c]$
1
$R_{dAu}$
Centrality D (Central)
yes
none
none
2
stat.
symmetric
sys.
symmetric
0.6 0.7 0.993 0.005 0.032
0.7 0.8 0.979 0.005 0.031
0.8 0.9 1.001 0.007 0.032
0.9 1 1.001 0.008 0.032
1 1.1 0.987 0.009 0.032
1.1 1.2 1.013 0.010 0.033
1.2 1.3 1.019 0.012 0.033
1.3 1.4 1.059 0.014 0.034
1.4 1.5 1.026 0.016 0.033
1.5 1.6 1.018 0.018 0.033
1.6 1.7 1.092 0.022 0.035
1.7 1.8 1.064 0.024 0.034
1.8 1.9 1.088 0.028 0.035
1.9 2 1.090 0.032 0.035
2 2.1 1.078 0.04 0.035
2.1 2.2 1.046 0.04 0.034
2.2 2.3 1.16 0.05 0.04
2.3 2.4 1.13 0.05 0.04
2.4 2.5 1.14 0.06 0.04
2.5 2.6 1.14 0.07 0.04
2.6 2.7 1.23 0.08 0.04
2.7 2.8 1.14 0.08 0.04
2.8 2.9 1.12 0.09 0.04
2.9 3 1.27 0.11 0.04
3 3.2 0.962 0.07 0.032
3.2 3.4 1.46 0.12 0.05
3.4 3.6 1.11 0.12 0.04
3.6 3.8 1.33 0.17 0.05
3.8 4 1.19 0.18 0.04
4 4.25 0.99 0.16 0.04
4.25 4.5 1.00 0.22 0.04
4.5 5 1.46 0.4 0.10
5 5.5 1.65 0.4 0.07
5.5 7 0.62 0.33 0.19
***