$p_T\ [\mathrm{GeV}/c]$
1
$R_{dAu}$
Centrality B
yes
none
none
2
stat.
symmetric
sys.
symmetric
0.6 0.7 0.711 0.004 0.025
0.7 0.8 0.717 0.005 0.025
0.8 0.9 0.785 0.006 0.027
0.9 1 0.806 0.007 0.028
1 1.1 0.819 0.008 0.029
1.1 1.2 0.880 0.010 0.031
1.2 1.3 0.901 0.011 0.031
1.3 1.4 0.959 0.014 0.034
1.4 1.5 0.983 0.016 0.034
1.5 1.6 1.004 0.019 0.034
1.6 1.7 1.029 0.022 0.035
1.7 1.8 1.085 0.026 0.04
1.8 1.9 1.100 0.030 0.04
1.9 2 1.082 0.033 0.04
2 2.1 1.18 0.04 0.04
2.1 2.2 1.06 0.04 0.04
2.2 2.3 1.24 0.05 0.05
2.3 2.4 1.14 0.06 0.04
2.4 2.5 1.23 0.07 0.04
2.5 2.6 1.23 0.08 0.04
2.6 2.7 1.16 0.08 0.04
2.7 2.8 1.27 0.09 0.05
2.8 2.9 1.29 0.11 0.05
2.9 3 1.53 0.14 0.06
3 3.2 1.10 0.09 0.05
3.2 3.4 1.34 0.13 0.08
3.4 3.6 1.15 0.14 0.04
3.6 3.8 1.07 0.17 0.07
3.8 4 1.31 0.22 0.09
4 4.25 1.52 0.26 0.07
4.25 4.5 1.41 0.33 0.06
4.5 5 0.9 0.7 0.5
5 5.5 0.64 0.4 0.30
***