$p_T$
1
$v_2$
$40-50\%$
yes
none
none
2
stat.
symmetric
sys.
asymmetric
  0.200     0.300     0.00898 2e-4 0.0012 0.0012
  0.300     0.400     0.04323 0.000 0.006 0.006
  0.400     0.500     0.06214 0.000 0.009 0.009
  0.500     0.600     0.07193 0.000 0.010 0.010
  0.600     0.700     0.08243 0.000 0.011 0.011
  0.700     0.800     0.09401 0.001 0.013 0.013
  0.800     0.900     0.10533 0.001 0.014 0.014
  0.900     1.000     0.11678 0.001 0.016 0.016
  1.000     1.200     0.12972 0.001 0.018 0.018
  1.200     1.400     0.15059 0.001 0.021 0.021
  1.400     1.600     0.16955 0.001 0.023 0.023
  1.600     1.800     0.18422 0.001 0.025 0.025
  1.800     2.000     0.19625 0.002 0.027 0.027
  2.000     2.400     0.21718 0.002 0.030 0.030
  2.400     3.000     0.22835 0.004 0.031 0.031
  3.000     3.700     0.22623 0.006 0.031 0.031
  3.700     5.000     0.19059 0.015 0.026 0.026
  5.000     6.500     0.16931 0.033 0.023 0.023
  6.500     8.500     0.16346 0.050 0.022 0.022
***