$p_T$
1
$v_2$
$50-60\%$
yes
none
none
2
stat.
symmetric
sys.
asymmetric
  0.200     0.300     0.01201 5e-4 0.0015 0.0015
  0.300     0.400     0.03575 0.001 0.005 0.005
  0.400     0.500     0.05111 0.001 0.006 0.006
  0.500     0.600     0.06256 0.001 0.008 0.008
  0.600     0.700     0.07591 0.001 0.010 0.010
  0.700     0.800     0.08903 0.001 0.011 0.011
  0.800     0.900     0.09965 0.001 0.013 0.013
  0.900     1.000     0.11124 0.001 0.014 0.014
  1.000     1.200     0.12340 0.001 0.016 0.016
  1.200     1.400     0.14241 0.001 0.018 0.018
  1.400     1.600     0.16236 0.002 0.021 0.021
  1.600     1.800     0.17737 0.002 0.023 0.023
  1.800     2.000     0.19295 0.003 0.024 0.024
  2.000     2.400     0.21282 0.003 0.027 0.027
  2.400     3.000     0.22201 0.006 0.028 0.028
  3.000     3.700     0.21980 0.009 0.028 0.028
  3.700     5.000     0.24935 0.023 0.032 0.032
  5.000     6.500     0.36285 0.06 0.05 0.05
  6.500     8.500     0.40554 0.08 0.05 0.05
***