$p_T$
1
$v_2$
$30-40\%$
yes
none
none
2
stat.
symmetric
sys.
asymmetric
  0.200     0.300     0.00778 1e-4 0.0010 0.0010
  0.300     0.400     0.03793 0.000 0.005 0.005
  0.400     0.500     0.05476 0.000 0.007 0.007
  0.500     0.600     0.06374 0.000 0.008 0.008
  0.600     0.700     0.07303 0.000 0.010 0.010
  0.700     0.800     0.08283 0.000 0.011 0.011
  0.800     0.900     0.09301 0.000 0.012 0.012
  0.900     1.000     0.10247 0.000 0.014 0.014
  1.000     1.200     0.11444 0.000 0.015 0.015
  1.200     1.400     0.13201 0.000 0.017 0.017
  1.400     1.600     0.14884 0.001 0.020 0.020
  1.600     1.800     0.16226 0.001 0.021 0.021
  1.800     2.000     0.17456 0.001 0.023 0.023
  2.000     2.400     0.19027 0.001 0.025 0.025
  2.400     3.000     0.20415 0.002 0.027 0.027
  3.000     3.700     0.21363 0.003 0.028 0.028
  3.700     5.000     0.19568 0.007 0.026 0.026
  5.000     6.500     0.23823 0.015 0.031 0.031
  6.500     8.500     0.18915 0.023 0.025 0.025
***