$p_T$
1
$v_2$
$0-10\%$
yes
none
none
2
stat.
symmetric
sys.
asymmetric
  0.200     0.300     0.00859 1e-4 0.0016 0.0016
  0.300     0.400     0.01406 2e-4 0.0026 0.0026
  0.400     0.500     0.01882 2e-4 0.0035 0.0035
  0.500     0.600     0.02140 0.000 0.004 0.004
  0.600     0.700     0.02395 0.000 0.004 0.004
  0.700     0.800     0.02718 0.000 0.005 0.005
  0.800     0.900     0.03087 0.000 0.006 0.006
  0.900     1.000     0.03605 0.000 0.007 0.007
  1.000     1.200     0.03950 0.000 0.007 0.007
  1.200     1.400     0.04734 0.001 0.009 0.009
  1.400     1.600     0.05633 0.001 0.011 0.011
  1.600     1.800     0.06542 0.001 0.012 0.012
  1.800     2.000     0.07148 0.001 0.013 0.013
  2.000     2.400     0.08352 0.001 0.016 0.016
  2.400     3.000     0.09362 0.002 0.018 0.018
  3.000     3.700     0.08866 0.004 0.017 0.017
  3.700     5.000     0.08997 0.011 0.017 0.017
  5.000     6.500     0.07933 0.024 0.015 0.015
  6.500     8.500     0.08701 0.027 0.016 0.016
***